 number long(deg/decimal) lat ellipHeight(m)
        1   98.550000   33.050000    4372.431      0.4748     -0.6543     -4.3692      0.2496      1.4964
        2   98.650000   33.050000    4372.834      0.6019     -0.3868     -5.4945     -3.2741      0.2816
        3   98.750000   33.050000    4530.959     -1.0367     -2.0958     -6.5741     -4.6892     -1.4646
        4   98.850000   33.050000    4567.407     -1.0858     -2.0675     -6.9916     -1.1745     22.7751
        5   98.950000   33.050000    4646.551     -2.1223     -3.3753     -7.5768     -2.4547      7.9308
        6   99.050000   33.050000    4672.380     -2.4157     -2.7630     -4.5712      1.0716     11.8263
        7   99.150000   33.050000    4611.765     -2.0435     -2.6243     -0.6258      2.7601     -6.5803
        8   99.250000   33.050000    4475.199     -0.5338     -1.0328     -0.5357      3.5542      7.0332
        9   99.350000   33.050000    4447.885     -0.4827     -0.6203     -2.0236      1.4368      0.4096
       10   99.450000   33.050000    4506.390     -1.3484     -1.4525     -1.6509      1.0253     -5.1860
       11   99.550000   33.050000    4518.735     -1.4954     -1.4696     -1.0479      2.1500      6.0577
       12   99.650000   33.050000    4475.022     -1.2287     -1.3322     -0.3302      3.3926     -0.7651
       13   99.750000   33.050000    4378.569     -0.2500     -0.5475     -1.4612      3.1799     11.2852
       14   99.850000   33.050000    4354.066     -0.3338     -0.5358     -1.5761      2.3454      1.9577
       15   99.950000   33.050000    4278.495      0.1805     -0.3550      0.1986      4.1848     -6.4890
       16  100.050000   33.050000    4218.105      0.6237      0.0192     -1.6159      1.3527     -7.9066
       17  100.150000   33.050000    4290.157     -0.3229     -0.6655     -1.0325      0.4188     -1.6510
       18  100.250000   33.050000    4305.234     -0.6487     -0.8153      1.1828      2.3118     -1.2162
       19  100.350000   33.050000    4237.498      0.0316     -0.5654      2.4018      3.6694     12.2526
       20  100.450000   33.050000    4184.618      0.2108     -0.6938      3.7746      3.6280     -3.4781
       21   98.550000   33.150000    4340.693      1.3437     -0.3988     -2.5174     -3.6853     13.3471
       22   98.650000   33.150000    4541.246     -0.8108     -2.3332     -6.3035     -6.3046      8.4757
       23   98.750000   33.150000    4688.109     -2.3727     -2.8361     -5.2901     -2.6248     -0.4221
       24   98.850000   33.150000    4691.217     -2.2316     -2.4520     -4.1964     -1.5975      8.6503
       25   98.950000   33.150000    4672.256     -2.0414     -2.8364      0.1402      1.5613      8.8979
       26   99.050000   33.150000    4589.422     -1.2197     -1.7721     -0.1284      2.8240     10.5794
       27   99.150000   33.150000    4475.800     -0.1530     -0.8663     -1.9253      3.2352     11.5334
       28   99.250000   33.150000    4467.585     -0.4796     -0.6974     -1.8238      2.2431     -6.9005
       29   99.350000   33.150000    4443.482     -0.3613     -0.6245      0.3819      3.3058     -1.3050
       30   99.450000   33.150000    4428.700     -0.1800     -0.5062      0.8217      1.5598     14.7828
       31   99.550000   33.150000    4466.673     -0.8546     -0.8473      0.9074      1.8798      5.6547
       32   99.650000   33.150000    4427.053     -0.6490     -0.7451      1.8075      2.7864      2.9608
       33   99.750000   33.150000    4412.459     -0.7443     -0.8115      1.5037      2.0261     -1.9823
       34   99.850000   33.150000    4416.081     -1.0265     -1.0548      0.2949      2.8922     -4.7071
       35   99.950000   33.150000    4326.951     -0.2709     -0.5042     -1.3182      3.2173     -5.4825
       36  100.050000   33.150000    4303.598     -0.1530     -0.3516     -1.1639      1.5703      3.8193
       37  100.150000   33.150000    4313.153     -0.4840     -0.6002     -0.3050      3.0995      3.0270
       38  100.250000   33.150000    4218.308      0.3333     -0.0767      0.6413      3.5637      1.4098
       39  100.350000   33.150000    4138.722      0.8808      0.0045      1.0571      4.0287     -6.9894
       40  100.450000   33.150000    4091.170      1.1630      0.1261     -1.2962      1.8925     -1.0659
       41   98.550000   33.250000    4409.082      0.6654     -0.5818     -3.1963     -5.2137      0.5939
       42   98.650000   33.250000    4663.422     -1.7181     -2.6576     -2.8011     -6.6282     26.0286
       43   98.750000   33.250000    4800.781     -3.2287     -3.5233     -3.1405     -2.1335     13.6012
       44   98.850000   33.250000    4754.024     -2.6412     -2.6717     -2.3745      1.0205     17.6900
       45   98.950000   33.250000    4674.698     -2.0420     -2.1915     -3.3670      1.7094     -5.0029
       46   99.050000   33.250000    4658.887     -1.8689     -2.2665     -4.3048      1.1605      9.7770
       47   99.150000   33.250000    4632.609     -1.8787     -2.2792     -3.2475      4.4035     -0.4927
       48   99.250000   33.250000    4513.422     -0.7516     -1.0905     -1.3826      4.9043      4.5302
       49   99.350000   33.250000    4405.363      0.2362     -0.4266     -0.4700      4.0451     11.1735
       50   99.450000   33.250000    4445.303     -0.6903     -1.0049      0.5800      1.3870     -8.4183
       51   99.550000   33.250000    4405.671     -0.3203     -0.7369      2.2089      4.2030      3.1713
       52   99.650000   33.250000    4344.604      0.2075     -0.2228      1.3719      1.3706      4.8259
       53   99.750000   33.250000    4398.319     -0.5758     -0.6206      0.5662      1.4654      4.8903
       54   99.850000   33.250000    4398.681     -0.8529     -0.8619      1.6318      2.5289     -3.4588
       55   99.950000   33.250000    4359.588     -0.5516     -0.5636      1.3660      2.2532      4.8745
       56  100.050000   33.250000    4362.829     -0.8613     -0.8219      0.6984      2.1438      0.2949
       57  100.150000   33.250000    4307.864     -0.4767     -0.7345      0.8952      3.7931     -0.2232
       58  100.250000   33.250000    4220.813      0.2834     -0.0617     -0.8052      2.5024     -0.5787
       59  100.350000   33.250000    4199.346      0.3416     -0.1374     -2.1489      2.3448      4.9931
       60  100.450000   33.250000    4170.042      0.3978     -0.0604     -1.1275      3.0259      5.5589
       61   98.550000   33.350000    4467.810      0.1722     -0.6145     -1.8471     -3.5878      2.7569
       62   98.650000   33.350000    4640.203     -1.6319     -3.0489      1.3350     -5.8579      4.2145
       63   98.750000   33.350000    4746.893     -2.6277     -2.9456      1.9532     -1.8227     10.4957
       64   98.850000   33.350000    4716.507     -2.2712     -2.3526      1.9597     -0.3419     11.7208
       65   98.950000   33.350000    4695.034     -2.0690     -2.1304      1.6420      0.0478     16.1652
       66   99.050000   33.350000    4772.661     -3.2054     -3.4736      1.1816      1.1460     -3.8086
       67   99.150000   33.350000    4736.960     -2.8812     -3.0170     -0.6169      4.0183      5.0089
       68   99.250000   33.350000    4631.234     -2.0948     -2.3964     -0.0675      5.7814     -1.6859
       69   99.350000   33.350000    4479.798     -0.8636     -2.0742      1.0644      7.6722    -10.4334
       70   99.450000   33.350000    4333.037      0.6085     -0.4773      3.4106      3.0250      5.6899
       71   99.550000   33.350000    4330.604      0.3425     -0.1354      1.8479      3.3062     -2.9226
       72   99.650000   33.350000    4368.944     -0.1948     -0.5578      1.0792      0.6689      3.8525
       73   99.750000   33.350000    4379.755     -0.6350     -1.0064      3.4487      2.9453     -8.1057
       74   99.850000   33.350000    4303.060      0.2312     -0.2673      2.9195      2.6859     11.8102
       75   99.950000   33.350000    4322.892     -0.3873     -0.4840      1.8489      1.7160     -9.0316
       76  100.050000   33.350000    4300.283     -0.1602     -0.3181      2.0130      1.8916     11.2401
       77  100.150000   33.350000    4282.152     -0.3478     -0.4762      1.5261      1.9905     -8.9264
       78  100.250000   33.350000    4285.493     -0.3136     -0.5290     -0.7231      0.6735     12.2946
       79  100.350000   33.350000    4337.795     -1.2220     -1.6389     -2.1670      2.3690     -3.3418
       80  100.450000   33.350000    4197.931     -0.0302     -0.8071     -1.0913      4.2724    -16.2298
       81   98.550000   33.450000    4520.276     -0.2236     -0.8395     -3.3628     -2.1858      7.7134
       82   98.650000   33.450000    4600.827     -0.9732     -1.5510     -2.5698     -2.7722     17.4503
       83   98.750000   33.450000    4654.728     -1.7374     -1.6573      0.8529      0.0625      1.9780
       84   98.850000   33.450000    4585.899     -0.9889     -1.3761      3.0308      1.9628      6.7389
       85   98.950000   33.450000    4580.227     -0.9826     -1.1862      3.0625      0.3040      5.5193
       86   99.050000   33.450000    4703.335     -2.4705     -2.6904      2.4345     -0.3726     -0.0863
       87   99.150000   33.450000    4701.017     -2.3356     -2.6026      2.1976      4.4011     28.8268
       88   99.250000   33.450000    4580.363     -1.6717     -2.3217      3.2844      6.8678     -8.9850
       89   99.350000   33.450000    4406.515      0.1849     -0.8815      1.9711      6.2327     18.6715
       90   99.450000   33.450000    4313.940      0.6450     -0.1400      0.8808      4.3756     -4.9611
       91   99.550000   33.450000    4321.853      0.3273     -0.1429      1.3476      1.3502     -3.4747
       92   99.650000   33.450000    4364.745     -0.3902     -0.6960      2.2439      3.2536     -8.6628
       93   99.750000   33.450000    4255.985      0.7300      0.0495      2.9423      3.2659      3.5490
       94   99.850000   33.450000    4263.256      0.2233     -0.1155      2.4262      1.5437    -16.0829
       95   99.950000   33.450000    4264.050      0.1898     -0.0596      2.4648      1.1429      2.5749
       96  100.050000   33.450000    4269.619     -0.0560     -0.2446      2.2489      1.8424      2.7998
       97  100.150000   33.450000    4236.598      0.0624     -0.2107      1.9810      1.3334     -6.3501
       98  100.250000   33.450000    4301.838     -0.6845     -0.9801      1.9203     -0.9889      2.9144
       99  100.350000   33.450000    4359.594     -1.5490     -1.9992      1.0176      2.1221     -8.3284
      100  100.450000   33.450000    4206.593      0.2904     -0.6843     -1.0850      2.0802     17.6130
      101   98.550000   33.550000    4659.023     -1.7982     -1.7608     -1.0078     -1.8407     -1.4010
      102   98.650000   33.550000    4720.232     -2.4841     -2.5117      0.2338      0.4714     -1.7958
      103   98.750000   33.550000    4664.799     -1.8940     -1.8427      0.7875      2.0206      6.2637
      104   98.850000   33.550000    4548.364     -0.7347     -1.5071      2.4360      4.2951      7.8090
      105   98.950000   33.550000    4516.477     -0.5188     -1.0522      4.8017      0.2550      6.0914
      106   99.050000   33.550000    4655.480     -2.2705     -2.9354      5.6184      0.7743     -5.9685
      107   99.150000   33.550000    4639.858     -2.0927     -2.7510      6.1400      4.4626      8.6987
      108   99.250000   33.550000    4514.902     -1.1402     -1.7928      5.0274      5.5848     -7.6948
      109   99.350000   33.550000    4453.390     -0.7746     -1.3318      3.2438      3.7541     -6.4151
      110   99.450000   33.550000    4339.583      0.1372     -0.9833      3.8581      5.7963    -14.7564
      111   99.550000   33.550000    4295.476      0.5344     -0.0399      2.9639      1.5321     -3.8191
      112   99.650000   33.550000    4352.573     -0.1849     -0.5163      0.9831      2.1873     10.2017
      113   99.750000   33.550000    4264.804      0.2818     -0.3266      1.8752      3.9311    -16.5234
      114   99.850000   33.550000    4201.857      0.8884      0.2609      2.7728      1.8106     -4.9500
      115   99.950000   33.550000    4217.313      0.6477      0.0543      1.1172      0.8601     10.8270
      116  100.050000   33.550000    4219.677      0.2415     -0.4874      3.6877      1.4919     -8.3176
      117  100.150000   33.550000    4129.894      1.2360     -0.1930      3.7335      1.9282      9.6694
      118  100.250000   33.550000    4173.375      0.5596     -0.5972      4.2396     -1.1258     -4.5967
      119  100.350000   33.550000    4280.313     -0.6245     -0.9822      0.7817     -0.9909      2.5563
      120  100.450000   33.550000    4309.546     -0.9529     -1.2706     -0.4787     -0.6216     10.7511
      121   98.550000   33.650000    4679.982     -1.9056     -1.7947      1.2778     -1.2278      8.9652
      122   98.650000   33.650000    4697.547     -2.2026     -2.1578      2.2444      1.9404      5.9402
      123   98.750000   33.650000    4618.284     -1.4452     -1.6417      4.1102      3.3462     10.6812
      124   98.850000   33.650000    4495.173     -0.3801     -1.3133      4.9714      5.3527      4.2604
      125   98.950000   33.650000    4356.544      0.9368     -0.1768      5.1127      2.5339      0.7131
      126   99.050000   33.650000    4415.016      0.1918     -0.7843      6.4873      0.9220      2.0462
      127   99.150000   33.650000    4406.735      0.1927     -1.0699      6.4642      4.7233      8.5292
      128   99.250000   33.650000    4334.404      0.6497     -0.4002      5.7675      3.2980     -1.7290
      129   99.350000   33.650000    4300.596      0.7480     -0.4989      6.0863      4.5059     -1.2170
      130   99.450000   33.650000    4198.764      1.7188      0.2813      4.2523      3.2755      4.5816
      131   99.550000   33.650000    4283.543      0.4111     -0.5152      2.3237     -0.4681    -10.5655
      132   99.650000   33.650000    4364.644     -0.6685     -1.6869      4.2226      2.7322     -7.6505
      133   99.750000   33.650000    4217.270      0.8912     -0.0195      2.4594      3.9261      4.8994
      134   99.850000   33.650000    4190.659      0.6980     -0.1714      1.4195      0.9501    -20.1595
      135   99.950000   33.650000    4155.409      1.0031     -0.2037      3.4809      2.5998    -10.6016
      136  100.050000   33.650000    4115.454      1.4132      0.4052      0.0201      0.4277      3.5575
      137  100.150000   33.650000    4127.593      0.8815     -0.0595     -1.0234      1.9442    -16.3147
      138  100.250000   33.650000    4070.042      1.6182      0.0997     -0.7025     -0.0413      0.3811
      139  100.350000   33.650000    4231.230     -0.5101     -1.9192      2.5930     -2.9024    -24.2687
      140  100.450000   33.650000    4285.395     -0.8641     -1.4774      3.2222      1.3000      1.9226
      141   98.550000   33.750000    4618.993     -1.4605     -1.4579      3.5270      0.4783     -0.6039
      142   98.650000   33.750000    4598.589     -1.3273     -1.4066      4.0965      2.6162      3.2372
      143   98.750000   33.750000    4514.966     -0.7280     -1.1039      4.2340      4.2822     -7.7736
      144   98.850000   33.750000    4379.580      0.6081     -0.5779      4.3362      5.5578     -0.4416
      145   98.950000   33.750000    4290.171      1.4009      0.3244      3.0760      2.0567     -0.8726
      146   99.050000   33.750000    4368.263      0.3440     -0.2837      1.6811      1.0946     -3.6719
      147   99.150000   33.750000    4334.328      0.3517     -0.8034      3.2863      4.8933    -22.9328
      148   99.250000   33.750000    4194.584      1.9817      0.3869      2.0087      3.8144      1.2397
      149   99.350000   33.750000    4143.982      2.3256      0.4481      0.8379      4.2101      1.1065
      150   99.450000   33.750000    4106.245      2.3877      0.8173      1.8928      1.6056    -10.8210
      151   99.550000   33.750000    4145.170      1.8916      0.4898      3.2327      1.2539      3.1497
      152   99.650000   33.750000    4130.641      1.8419      0.3506      3.5645      2.0920      1.4612
      153   99.750000   33.750000    4131.542      1.4259      0.4504      1.9063      1.2206    -18.1722
      154   99.850000   33.750000    4095.780      1.8632      0.4348      1.0806      2.2593      2.0465
      155   99.950000   33.750000    4117.784      1.5163      0.2988     -1.8400     -0.5658      5.1349
      156  100.050000   33.750000    4188.109      0.5240      0.0231     -1.4805      0.1504      0.9166
      157  100.150000   33.750000    4161.674      0.5593     -0.1155      0.0285      1.6051    -10.5082
      158  100.250000   33.750000    4078.486      1.5970      0.0655     -1.0281      0.9281      6.6954
      159  100.350000   33.750000    4125.121      0.9928     -0.3706     -1.4503     -1.0969      4.6077
      160  100.450000   33.750000    4226.285     -0.3606     -0.9172     -0.6608     -0.4503     -2.8077
      161   98.550000   33.850000    4504.646     -0.3326     -0.5130      3.6847      1.1491      6.3643
      162   98.650000   33.850000    4528.387     -0.8355     -0.9215      3.5689      2.4380     -2.7183
      163   98.750000   33.850000    4427.023      0.0879     -0.4718      3.5034      4.7904     -0.9529
      164   98.850000   33.850000    4345.305      0.6933      0.1255      2.8563      3.0995     -8.0796
      165   98.950000   33.850000    4306.284      1.1665      0.1521      3.0506      1.3370     12.9956
      166   99.050000   33.850000    4404.038     -0.3678     -1.0532      2.5195      1.8372    -16.8211
      167   99.150000   33.850000    4275.022      1.0209     -0.4160      2.2072      4.1765    -12.7952
      168   99.250000   33.850000    4334.432      0.3364     -1.2901     -2.3417     -1.0399      0.5428
      169   99.350000   33.850000    4364.657     -0.2352     -2.5588     -3.7401      5.6228     -1.9895
      170   99.450000   33.850000    4184.004      1.5170      0.0521     -3.2493      3.3494     -7.1345
      171   99.550000   33.850000    4155.239      1.4468      0.5125     -0.9694      1.8499    -21.5557
      172   99.650000   33.850000    4118.464      1.8668      0.7116     -1.4556      1.7191     -1.2935
      173   99.750000   33.850000    4158.085      1.1967     -0.3299     -3.9745      0.3227     -6.7729
      174   99.850000   33.850000    4181.773      0.8607      0.0182     -2.8311      0.0956      0.4410
      175   99.950000   33.850000    4202.778      0.3882     -0.3035     -0.4765      1.5927    -13.3087
      176  100.050000   33.850000    4160.763      0.9139     -0.1088      0.6261      0.6676      2.2845
      177  100.150000   33.850000    4161.722      0.9276     -0.6324     -3.5466     -1.3183     12.8951
      178  100.250000   33.850000    4301.653     -0.7676     -2.4828     -5.5722     -2.3341      8.1592
      179  100.350000   33.850000    4440.436     -2.5736     -4.0019     -4.3262     -0.0072     -4.0591
      180  100.450000   33.850000    4359.855     -1.9208     -4.3786     -4.0378      5.6090     -6.3144
      181   98.550000   33.950000    4454.467     -0.0835     -0.3179      3.2942      0.6087     -0.8112
      182   98.650000   33.950000    4495.018     -0.5977     -0.7260      2.7593      2.7750      6.1830
      183   98.750000   33.950000    4407.220      0.0466     -0.3388      3.1106      3.7714     -6.0186
      184   98.850000   33.950000    4307.893      1.0282      0.2640      3.1242      3.4512      1.7291
      185   98.950000   33.950000    4298.993      0.8722      0.2786      1.9462      1.5056     -8.0465
      186   99.050000   33.950000    4259.660      1.2937      0.2971      3.2906      1.6294     -0.1221
      187   99.150000   33.950000    4287.233      0.8993      0.0952     -0.3838     -0.7446     -3.5539
      188   99.250000   33.950000    4402.472     -0.2379     -0.6502     -0.7226     -0.5467     15.9623
      189   99.350000   33.950000    4435.922     -0.8776     -1.3338     -0.5889      2.7247      3.2190
      190   99.450000   33.950000    4256.119      0.7270     -0.3885     -0.9809      4.9414    -11.7360
      191   99.550000   33.950000    4161.303      1.6493      0.5942     -2.6643      1.7296     -2.4782
      192   99.650000   33.950000    4213.493      0.8536      0.0257     -3.4440     -0.1424     -5.2616
      193   99.750000   33.950000    4217.067      0.6908      0.1502     -1.6942      1.6134     -0.4311
      194   99.850000   33.950000    4164.961      1.1768      0.3409     -1.0878      1.4470      0.1535
      195   99.950000   33.950000    4150.437      1.3099      0.1299     -2.9073      0.1199      8.1720
      196  100.050000   33.950000    4216.859      0.2969     -0.3882     -3.3916     -1.0911     -6.1560
      197  100.150000   33.950000    4328.213     -0.8736     -1.5687     -3.0871     -1.5952     12.3700
      198  100.250000   33.950000    4420.919     -2.1034     -2.3681     -0.4396      0.0683      3.5914
      199  100.350000   33.950000    4444.451     -2.4127     -2.9378      2.7802      0.7936     19.2199
      200  100.450000   33.950000    4392.903     -2.2936     -2.9718      3.1305      4.7601      3.0038
      201   98.550000   34.050000    4448.621     -0.3121     -0.5795      2.7226      0.3570     -3.9107
      202   98.650000   34.050000    4482.380     -0.8187     -1.3195      4.4074      2.8578     -6.2379
      203   98.750000   34.050000    4369.327      0.3414     -0.2431      3.1687      4.1764     -0.8123
      204   98.850000   34.050000    4264.300      1.4157      0.4892      2.0604      2.9336      6.7076
      205   98.950000   34.050000    4243.728      1.2606      0.3118      3.0965      1.8909    -15.9410
      206   99.050000   34.050000    4187.284      1.9345      0.7722      1.3639     -0.5531     -4.4987
      207   99.150000   34.050000    4319.380      0.6005     -0.2958      0.0208     -3.4118      9.2892
      208   99.250000   34.050000    4444.860     -0.9021     -1.2362     -0.2810     -0.7464     -2.8748
      209   99.350000   34.050000    4380.562     -0.1303     -0.7967     -0.4634      2.9412      9.7465
      210   99.450000   34.050000    4253.783      1.0378      0.0067     -3.4414      1.8598      7.1546
      211   99.550000   34.050000    4252.203      0.6488     -0.0509     -4.1731      1.1261    -12.3326
      212   99.650000   34.050000    4235.233      0.7730      0.0992     -3.2246      1.5075     -4.3363
      213   99.750000   34.050000    4204.295      1.0087      0.0673     -3.9403      1.3605     -2.0852
      214   99.850000   34.050000    4222.004      0.6151     -0.4561     -5.5162      0.0467     -6.4677
      215   99.950000   34.050000    4298.706     -0.3317     -0.9634     -4.7365      0.3311      1.6159
      216  100.050000   34.050000    4334.452     -0.9657     -1.1262     -1.9001      1.4531     -4.7689
      217  100.150000   34.050000    4325.726     -0.9303     -1.0603      0.7714      1.3328      8.1936
      218  100.250000   34.050000    4296.778     -0.8269     -1.1294      2.9861      2.7459     10.5341
      219  100.350000   34.050000    4281.501     -1.0421     -1.5717      4.8371      2.1596      0.8126
      220  100.450000   34.050000    4229.091     -0.6661     -1.2485      4.5760      4.3113      9.6771
      221   98.550000   34.150000    4392.991      0.1919     -0.0897      3.1205      1.8670      5.5125
      222   98.650000   34.150000    4347.137      0.5933      0.0780      3.4194      2.6754      7.3541
      223   98.750000   34.150000    4323.374      0.5065     -0.0448      3.3746      2.0717    -11.9918
      224   98.850000   34.150000    4271.141      1.0014      0.3642      2.1823      1.9051     -6.6100
      225   98.950000   34.150000    4216.057      1.4682      0.6742      0.4491      1.0705    -11.4144
      226   99.050000   34.150000    4179.792      1.9734      0.7882     -0.2853     -1.0821      0.4091
      227   99.150000   34.150000    4313.616      0.4567     -0.2047      0.1265     -3.2814     -7.1778
      228   99.250000   34.150000    4375.128     -0.0454     -0.4104      0.3638     -1.4852      4.8797
      229   99.350000   34.150000    4408.137     -0.6216     -0.9775     -2.5820     -0.7679    -12.2908
      230   99.450000   34.150000    4371.184     -0.3118     -0.7984     -3.0541      1.4969    -12.2635
      231   99.550000   34.150000    4314.701      0.3506     -0.4456     -5.0798      0.6182     -0.1041
      232   99.650000   34.150000    4329.760      0.1667     -1.8567     -8.4438      0.1762      9.5340
      233   99.750000   34.150000    4401.909     -0.9123     -2.2410     -7.8634      0.0734     -1.5002
      234   99.850000   34.150000    4437.124     -1.4830     -1.9334     -5.0489      2.2038      1.9064
      235   99.950000   34.150000    4377.614     -1.1352     -1.5011     -1.4687      4.2732     -6.3432
      236  100.050000   34.150000    4301.421     -0.3632     -0.8253      0.0013      3.4148     14.6865
      237  100.150000   34.150000    4262.024     -0.2367     -0.8571     -0.3120      3.8918     17.6341
      238  100.250000   34.150000    4212.149     -0.1977     -0.8632      0.2833      4.3472      4.5388
      239  100.350000   34.150000    4138.474      0.2572     -0.4651      2.0448      4.6616      4.7135
      240  100.450000   34.150000    4070.582      0.6480     -0.3110      4.3930      2.9070      1.6866
      241   98.550000   34.250000    4362.787      0.1765     -0.2590      3.0968      2.8495     -5.7669
      242   98.650000   34.250000    4254.997      1.1678      0.2591      3.1782      3.2759    -11.7425
      243   98.750000   34.250000    4200.822      1.7373      0.8151      2.0581      0.9221     -6.4093
      244   98.850000   34.250000    4209.232      1.7311      0.7157     -0.2731     -0.0323      7.2154
      245   98.950000   34.250000    4215.275      1.5384      0.6855     -1.0536     -0.1815     -0.3174
      246   99.050000   34.250000    4175.291      1.9437      0.8435     -0.5435     -1.3312     -4.0674
      247   99.150000   34.250000    4237.397      1.2768      0.4284     -0.5824     -2.9451     -8.1645
      248   99.250000   34.250000    4298.219      0.8033      0.0864     -1.7589     -3.1615      1.2236
      249   99.350000   34.250000    4375.303      0.0388     -0.4811     -2.7088     -2.7340      5.7677
      250   99.450000   34.250000    4403.863     -0.2600     -0.7289     -3.8938     -0.7501      3.9408
      251   99.550000   34.250000    4506.154     -1.4469     -2.7539     -6.7682     -2.9840      3.9417
      252   99.650000   34.250000    4683.853     -3.4484     -4.3476     -5.3134      0.0271     10.0530
      253   99.750000   34.250000    4638.389     -3.0123     -3.5368     -4.2738      3.6822     23.4559
      254   99.850000   34.250000    4536.323     -2.3455     -3.1346     -2.4886      6.3470      4.8888
      255   99.950000   34.250000    4412.348     -1.2676     -1.9769     -2.5183      3.9021     14.8978
      256  100.050000   34.250000    4423.942     -1.9105     -2.2977     -0.8833      4.0608      4.5918
      257  100.150000   34.250000    4356.570     -1.6844     -2.2167      1.9037      6.2809     -2.9425
      258  100.250000   34.250000    4239.521     -0.7742     -1.2771      3.5640      5.8391      3.6131
      259  100.350000   34.250000    4177.532     -0.5478     -1.0631      2.3641      5.5219     -0.6957
      260  100.450000   34.250000    4030.635      0.7881     -0.2017      1.8440      4.0299      3.1576
      261   98.550000   34.350000    4232.646      1.4576      0.4467      2.9395      2.8671     -4.5226
      262   98.650000   34.350000    4175.435      1.9748      0.9006      0.9790      1.3014     -3.7457
      263   98.750000   34.350000    4180.510      1.8537      0.8881      0.3700     -0.7295     -3.0269
      264   98.850000   34.350000    4278.119      0.5875     -0.2164      0.2563     -2.2478    -19.3963
      265   98.950000   34.350000    4283.511      0.6610      0.0262     -1.5573     -0.2023     -9.1764
      266   99.050000   34.350000    4215.953      1.5640      0.4710     -3.2194     -1.8796      0.0034
      267   99.150000   34.350000    4277.496      0.8705      0.0696     -3.5760     -3.2409    -11.7819
      268   99.250000   34.350000    4366.355      0.1783     -0.6657     -4.0642     -4.8519      2.2495
      269   99.350000   34.350000    4508.083     -1.2674     -1.8917     -5.5176     -3.7073      4.0048
      270   99.450000   34.350000    4542.932     -1.4562     -2.0736     -5.6502     -0.5842     16.6615
      271   99.550000   34.350000    4627.071     -2.5466     -2.8216     -3.0069     -1.2333      9.5475
      272   99.650000   34.350000    4685.898     -3.3564     -3.6149      0.2595      2.8031     11.4479
      273   99.750000   34.350000    4621.137     -2.8585     -3.1142      1.7503      4.3273     20.0337
      274   99.850000   34.350000    4551.302     -2.6222     -3.5325      0.8095      6.9879     11.1925
      275   99.950000   34.350000    4439.568     -2.0613     -2.9789      4.4462      6.0623    -13.2871
      276  100.050000   34.350000    4360.739     -1.2770     -2.0659      4.9647      6.4836     19.2695
      277  100.150000   34.350000    4207.091     -0.2506     -1.7769      5.4927      8.2769      3.2921
      278  100.250000   34.350000    4066.611      0.5707     -1.1841      6.9854      5.5203    -17.9293
      279  100.350000   34.350000    4061.972      0.1488     -2.1757      7.5844      4.6043    -20.1973
      280  100.450000   34.350000    4040.405      0.4875     -0.4610      3.7376      2.4387     15.0220
      281   98.550000   34.450000    4254.238      1.1429      0.1942     -1.3221     -0.1882      4.0283
      282   98.650000   34.450000    4255.144      1.0355      0.0611     -1.8204      1.9937      1.1530
      283   98.750000   34.450000    4162.632      1.9836      0.8929     -0.5526     -0.2043     -4.6793
      284   98.850000   34.450000    4189.533      1.7048      0.6174     -0.1866     -2.9668     -4.5131
      285   98.950000   34.450000    4248.031      1.1983      0.3290     -0.8809     -2.5060     -1.6927
      286   99.050000   34.450000    4299.752      0.8224     -0.2341     -4.2401     -4.1317      6.6934
      287   99.150000   34.450000    4379.879     -0.0876     -0.6517     -4.1444     -3.1603    -10.1978
      288   99.250000   34.450000    4458.656     -0.6271     -1.4886     -3.7818     -5.7249      6.6309
      289   99.350000   34.450000    4668.956     -2.9331     -3.8070     -3.7044     -4.7293      1.2698
      290   99.450000   34.450000    4723.520     -3.4389     -3.8418     -3.3218      1.4800      9.1782
      291   99.550000   34.450000    4645.226     -2.8292     -2.9619     -0.0131      3.4816      3.1228
      292   99.650000   34.450000    4510.637     -1.5791     -2.7559      4.1519      5.4276     12.1304
      293   99.750000   34.450000    4480.324     -1.9178     -2.9490      5.0762      6.4703    -11.7276
      294   99.850000   34.450000    4328.912     -0.4019     -3.1919      7.2459      9.2241     14.6798
      295   99.950000   34.450000    4163.512      0.7210     -1.5400      7.1783      4.9861     -3.1728
      296  100.050000   34.450000    4235.163     -0.7904     -2.1661      6.1618      4.7242    -22.2421
      297  100.150000   34.450000    4103.836      0.2279     -2.3275      5.7468      9.3751    -19.0871
      298  100.250000   34.450000    3895.538      2.4425     -0.8099      2.4311      5.6971      8.0071
      299  100.350000   34.450000    3987.455      0.8654     -1.6143      1.1849      0.3466     -3.8672
      300  100.450000   34.450000    4088.453     -0.7831     -1.6408      4.7867      3.9503    -12.4532
      301   98.550000   34.550000    4378.106     -0.4921     -1.0229      0.2089     -1.1061     -9.0724
      302   98.650000   34.550000    4324.054      0.0897     -0.8086      0.6899      2.1115     -9.7028
      303   98.750000   34.550000    4190.203      1.5754      0.6120     -1.0318     -0.2252    -10.9386
      304   98.850000   34.550000    4208.212      1.4320      0.4109     -2.1925     -3.6880    -13.0663
      305   98.950000   34.550000    4301.451      0.7156     -0.2418     -3.6361     -4.9468      2.2670
      306   99.050000   34.550000    4436.163     -0.7525     -1.3591     -4.2920     -4.5570    -10.1568
      307   99.150000   34.550000    4460.299     -0.5810     -1.0919     -3.5527     -3.5294     14.8617
      308   99.250000   34.550000    4560.545     -1.7366     -2.2007     -4.0910     -3.6566     -3.7437
      309   99.350000   34.550000    4648.312     -2.2943     -3.0199     -1.6138     -3.6575     28.1581
      310   99.450000   34.550000    4748.468     -3.7129     -4.0100     -0.1026      2.4063      7.4981
      311   99.550000   34.550000    4611.841     -2.3498     -2.8700     -0.3337      5.9041     22.9326
      312   99.650000   34.550000    4474.216     -1.7267     -2.4164      0.8452      6.9034    -18.1068
      313   99.750000   34.550000    4386.971     -1.2100     -2.0968      4.0315      7.8830     -5.0558
      314   99.850000   34.550000    4229.658     -0.2520     -3.0991      5.6816     10.5712    -27.4488
      315   99.950000   34.550000    4042.933      1.6891     -0.8251      3.2563      5.5092      6.1150
      316  100.050000   34.550000    4174.361     -0.4094     -1.6429      2.1584      2.8468     -9.1503
      317  100.150000   34.550000    4131.250     -0.5078     -2.2576      2.3369      8.2879    -20.2715
      318  100.250000   34.550000    4081.225     -0.2557     -1.9517      2.5234      1.6648    -10.1892
      319  100.350000   34.550000    4173.769     -1.5589     -3.5652      0.9444      6.7252      6.6233
      320  100.450000   34.550000    3960.538      0.3959     -1.1419      5.2805      7.0234      4.9274
      321   98.550000   34.650000    4315.838      0.3017     -0.0899      1.3961     -0.1855      5.9713
      322   98.650000   34.650000    4236.617      1.1439      0.3751      0.0687     -0.0844     -1.4041
      323   98.750000   34.650000    4230.896      1.2310      0.2679     -2.7115     -2.7392     -3.3329
      324   98.850000   34.650000    4293.248      0.5896     -0.2947     -2.4069     -4.7666    -12.9470
      325   98.950000   34.650000    4424.276     -0.3781     -1.3375     -3.6388     -6.0288     15.8365
      326   99.050000   34.650000    4552.542     -1.8433     -2.1167     -2.9097     -3.0078     -6.6391
      327   99.150000   34.650000    4552.779     -1.5327     -1.7253     -2.0171     -3.5117      7.9463
      328   99.250000   34.650000    4659.070     -2.6756     -2.7161      0.1796     -2.4861      7.5635
      329   99.350000   34.650000    4699.052     -3.1787     -3.2434      0.7250     -0.9775      0.4709
      330   99.450000   34.650000    4733.148     -3.4236     -3.8290      1.2350      1.4064     24.0768
      331   99.550000   34.650000    4696.323     -3.3849     -4.9489     -0.9416      8.1071     26.8151
      332   99.650000   34.650000    4407.494     -0.7339     -2.8556      2.3081      9.4611     27.6341
      333   99.750000   34.650000    4344.136     -1.1151     -2.2429      3.3424      9.1713    -11.1774
      334   99.850000   34.650000    4129.680      0.9192     -2.3721      2.8828     10.7781     10.6003
      335   99.950000   34.650000    4146.998     -0.2079     -1.5871      3.1121      4.3446    -19.8056
      336  100.050000   34.650000    4224.270     -1.2144     -2.2831      5.5899      3.2983      9.4187
      337  100.150000   34.650000    4186.765     -1.3356     -3.5015      5.3668      9.0526      1.9375
      338  100.250000   34.650000    4049.312      0.1620     -1.8286      5.2386      3.0976     32.6960
      339  100.350000   34.650000    4217.421     -2.5151     -4.8300      7.9535      4.2658      4.0896
      340  100.450000   34.650000    4047.536     -1.4772     -5.5386      2.2673     10.0427    -16.4204
      341   98.550000   34.750000    4275.777      0.5712      0.2202     -0.4826     -1.2154     -5.4652
      342   98.650000   34.750000    4261.419      0.8778      0.2824     -1.5608     -1.9676     -1.8405
      343   98.750000   34.750000    4332.205      0.2742     -0.2981     -2.1511     -4.3192     -0.0571
      344   98.850000   34.750000    4418.994     -0.3571     -1.3683     -4.2569     -5.0564     12.7957
      345   98.950000   34.750000    4571.958     -1.9281     -2.4907     -3.2568     -4.6774      6.6113
      346   99.050000   34.750000    4617.772     -2.2247     -2.2217     -1.2245     -2.1632     15.9760
      347   99.150000   34.750000    4620.722     -2.4122     -2.5000      0.0220     -0.6590     -1.6381
      348   99.250000   34.750000    4585.164     -2.1827     -2.6597      4.1164     -0.0736    -10.9482
      349   99.350000   34.750000    4569.135     -2.0156     -3.2148      5.2539     -0.3705    -10.6376
      350   99.450000   34.750000    4874.492     -5.0997    -10.8438     -0.2660     -3.9069     41.6653
      351   99.550000   34.750000    4850.936     -5.5672    -11.1389      5.4373     11.3590     13.2566
      352   99.650000   34.750000    4311.110     -0.3166     -5.1333      5.5467     13.8678     -4.6960
      353   99.750000   34.750000    4204.180      0.0742     -1.9555      5.9200      8.5854    -11.0072
      354   99.850000   34.750000    4110.045      0.6595     -2.5402      6.1190     11.0486      9.3094
      355   99.950000   34.750000    4045.230      0.1221     -3.0078      9.1431      7.0820    -41.8908
      356  100.050000   34.750000    3995.517      0.5243     -2.0265      9.9083      4.7313     -8.5793
      357  100.150000   34.750000    4027.178     -0.6432     -4.9106     12.5727      5.2641    -24.2118
      358  100.250000   34.750000    3946.670      0.0818     -2.1410     10.4769      4.3303     -8.0008
      359  100.350000   34.750000    3924.335      0.1135     -2.3237     10.6780      4.8586     12.8329
      360  100.450000   34.750000    3879.402     -0.3325     -4.4261     10.0582      7.1012    -29.7580
      361   98.550000   34.850000    4252.642      0.8255      0.3433     -0.1794     -1.7866     -4.2960
      362   98.650000   34.850000    4309.587      0.4042     -0.0928     -1.0061     -3.7663     -0.5213
      363   98.750000   34.850000    4420.001     -0.4914     -1.0163     -1.8085     -5.0247     10.8837
      364   98.850000   34.850000    4595.130     -2.3454     -3.3778     -1.7582     -5.7712      2.9738
      365   98.950000   34.850000    4611.191     -2.1420     -2.2871      0.6185     -1.2586     21.4895
      366   99.050000   34.850000    4643.385     -2.5376     -2.6040      0.9364     -1.6023     15.0298
      367   99.150000   34.850000    4620.116     -2.5288     -2.8457      2.1421      1.8951      1.9843
      368   99.250000   34.850000    4437.195     -0.7601     -1.8075      3.6235      2.9936     -6.4225
      369   99.350000   34.850000    4432.037     -0.7493     -3.1885      5.0897     -3.2464      6.4449
      370   99.450000   34.850000    4819.459     -5.6131    -12.9252      9.6771      2.1314      0.7330
      371   99.550000   34.850000    4577.239     -2.2093     -6.1450      4.1423      9.3370     60.5906
      372   99.650000   34.850000    4403.252     -1.3688     -5.0131     -1.1206      8.5902     23.3200
      373   99.750000   34.850000    4355.104     -2.1169     -4.7587      0.4193      9.4541    -19.7905
      374   99.850000   34.850000    4165.411     -0.5068     -3.5610      4.7165     13.1045     -1.7496
      375   99.950000   34.850000    3973.796      1.1237     -2.2739      1.2550      8.8893     16.6013
      376  100.050000   34.850000    3895.720      1.3726     -2.3634      2.3762      9.4127     18.6650
      377  100.150000   34.850000    3778.698      1.9613     -2.6279      3.4011      8.3212      7.7311
      378  100.250000   34.850000    3645.674      2.5435     -0.7131      8.7240      5.9798    -17.6036
      379  100.350000   34.850000    3621.460      2.5376     -1.4701      7.5729     -0.4279     -4.2717
      380  100.450000   34.850000    3766.364      0.7858     -1.5226      2.1877      1.5965      9.9687
      381   98.550000   34.950000    4252.023      0.7952      0.2053     -0.5725     -2.0853     -4.0824
      382   98.650000   34.950000    4366.532     -0.1996     -0.6987     -0.6674     -4.3010      6.0070
      383   98.750000   34.950000    4502.022     -1.3952     -1.7868      0.2319     -4.4192     18.5181
      384   98.850000   34.950000    4566.364     -2.2021     -3.0837      3.9353     -1.0513     -7.4514
      385   98.950000   34.950000    4573.636     -1.8922     -2.4324      3.4746     -2.9362     23.5805
      386   99.050000   34.950000    4632.407     -2.8270     -3.7238      5.3069      1.7355      1.6084
      387   99.150000   34.950000    4480.789     -1.3090     -2.3497      6.9916      3.2083      6.6730
      388   99.250000   34.950000    4303.815      0.0588     -2.0685      7.4742      4.6610    -26.1096
      389   99.350000   34.950000    4309.363     -0.0209     -2.4980      6.3567     -2.4413     -5.6175
      390   99.450000   34.950000    4578.440     -3.2566     -5.2262      8.5422      0.1550     -2.4058
      391   99.550000   34.950000    4607.996     -3.9752     -6.6363      9.6191      5.1890     -3.1352
      392   99.650000   34.950000    4560.174     -4.0465     -7.5757      9.0981     10.0109     -6.7174
      393   99.750000   34.950000    4339.000     -1.9326     -3.8666      5.9989     11.2240     16.0027
      394   99.850000   34.950000    4212.950     -1.2833     -2.9982      3.9317      9.4970     15.8407
      395   99.950000   34.950000    4120.937     -1.3269     -3.7502      7.2953     11.7632     -7.8370
      396  100.050000   34.950000    3905.358      0.4334     -3.3226     10.9927     10.7286      4.5927
      397  100.150000   34.950000    3753.778      0.8446     -4.3673     13.0773      8.7837    -25.7202
      398  100.250000   34.950000    3536.511      2.5292     -2.5363     10.8408      8.2505    -41.7561
      399  100.350000   34.950000    3575.282      2.0407     -2.6212      6.4411     -4.1580    -19.5703
      400  100.450000   34.950000    3905.467     -1.6717     -4.2852      7.5204     -3.3770     -4.8703
